seed_torch(1234)
batch_size=64
root=r'/home/sirb/Documents/ModelNet40_ply'
train_data=ModelNet40(root=root,sample_points=2048,split='train')
test_data=ModelNet40(root=root,sample_points=2048,split='test')

net=PointNet().to(device)
optimizer=torch.optim.Adam(net.parameters(),lr=0.01,betas=(0.9,0.999))
scheduler=torch.optim.lr_scheduler.StepLR(optimizer,step_size=15,gamma=0.9) # 对学习率进行调整
loss_function=nn.NLLLoss()
epochs=401

每5个epoch的准确率为:
0.0713128038897893
0.2901134521880065
0.39100486223662884
0.4586709886547812
0.5522690437601296
0.5360615883306321
0.4837925445705024
0.5927876823338736
0.6134521880064829
0.6308752025931929
0.5303889789303079
0.6685575364667747
0.6661264181523501
0.6916531604538088
0.6920583468395461
0.6600486223662885
0.7042139384116693
0.7017828200972447
0.7078606158833063
0.7155591572123177
0.7127228525121556
0.7167747163695299
0.720421393841167
0.7248784440842788
0.7111021069692058
0.7358184764991896
0.747163695299838
0.7467585089141004
0.7382495948136143
0.7317666126418152
0.7386547811993517
0.7317666126418152
0.7670178282009724
0.7556726094003241
0.7418962722852512
0.7520259319286872
0.7512155591572123
0.7617504051863857
0.7589141004862237
0.7512155591572123
0.7641815235008104
0.7418962722852512
0.7536466774716369
0.7455429497568882
0.7552674230145867
0.7613452188006483
0.7621555915721232
0.7589141004862237
0.7572933549432739
0.7617504051863857
0.7597244732576985
0.7775526742301458
0.7662074554294975
0.770259319286872
0.7609400324149108
0.7653970826580226
0.7662074554294975
0.7759319286871961
0.7662074554294975
0.7536466774716369
0.7572933549432739
0.7653970826580226
0.7726904376012966
0.763776337115073
0.7791734197730956
0.7763371150729336
0.7601296596434359
0.7706645056726094
0.7678282009724473
0.7694489465153971
0.7771474878444085
0.7706645056726094
0.7641815235008104
0.7775526742301458
0.7629659643435981
0.7670178282009724
0.7674230145867099
0.7694489465153971
0.7787682333873582
0.766612641815235
0.7714748784440842
*****************开始测试*****************
final accuracy 0.7755267423014587
